Capacity
200

Stations
1
2
3
4
5
6
7
8
9
10
11
12
13
14
15
16
17
18
19
20
21
22
23
24
25
26
27
28
29
30
31
32
33
34
35
36
37
38
39
40
41
42
43
44
45
46
47
48
49
50
51
52
53
54
55
56
57
58
59
60
61
62
63
64
65
66
67
68
69
70
71
72
73
74
75
76
77
78
79
80
81
82
83
84
85
86
87
88
89
90
91
92
93
94
95
96
97
98
99
100
101
102
103
104
105
106
107
108
109
110
111
112
113
114
115
116
117
118
119
120
121
122
123
124
125
126
127
128
129
130
131
132
133
134
135
136
137
138
139
140
141
142
143
144
145
146
147
148
149
150
151
152
153
154
155
156
157
158
159
160
161
162
163
164
165
166
167
168
169
170
171
172
173
174
175
176
177
178
179
180
181
182
183
184
185
186
187
188
189
190
191
192
193
194
195
196
197
198
199
200
201
202
203
204
205
206
207
208
209
210
211
212
213
214
215
216
217
218
219
220
221
222
223
224
225
226
227
228
229
230
231
232
233
234
235
236
237
238
239
240
241
242
243
244
245
246
247
248
249
250
251
252
253
254
255
256
257
258
259
260
261
262
263
264
265
266
267
268
269
270
271
272
273
274
275
276
277
278
279
280

Classification Yards
1
28
47
48
77
57
94
111
118
132
133
147
148
170
171
176
177
180
203
204
212
200
83
113
231
195
260
21
256
227
278
221
280

Connections
1	2	1
2	3	1
3	4	1
4	5	1
5	6	1
6	7	1
7	8	1
8	9	1
9	10	1
10	11	1
11	12	1
12	13	1
13	14	1
14	15	1
15	16	1
16	17	1
17	18	1
18	19	1
19	20	1
20	21	1
21	22	1
22	23	1
23	24	1
24	25	1
25	26	1
26	27	1
27	28	1
8	29	1
29	9	1
9	30	1
30	31	1
31	32	1
32	33	1
33	34	1
34	34	1
34	35	1
35	36	1
36	37	1
37	38	1
38	39	1
39	40	1
40	41	1
41	42	1
42	43	1
43	44	1
44	45	1
45	46	1
46	47	1
48	49	1
49	50	1
50	51	1
51	52	1
52	53	1
53	54	1
54	55	1
55	56	1
56	57	1
57	58	1
58	59	1
59	60	1
60	61	1
61	62	1
62	63	1
63	64	1
64	65	1
65	34	1
35	66	1
66	67	1
67	68	1
68	69	1
69	70	1
70	71	1
71	72	1
72	73	1
73	74	1
74	75	1
75	75	1
75	76	1
76	23	1
77	78	1
78	79	1
79	80	1
80	81	1
81	82	1
82	83	1
83	84	1
84	85	1
85	86	1
86	87	1
87	88	1
88	89	1
89	90	1
90	91	1
91	21	1
22	76	1
76	75	1
75	92	1
92	93	1
93	94	1
94	95	1
95	96	1
96	97	1
97	98	1
98	99	1
99	100	1
100	101	1
101	102	1
102	103	1
103	38	1
38	40	1
40	104	1
104	62	1
62	61	1
61	60	1
60	59	1
59	58	1
58	57	1
57	56	1
56	55	1
55	53	1
54	52	1
52	51	1
51	50	1
50	49	1
49	48	1
57	57	1
65	105	1
105	106	1
106	31	1
31	107	1
107	108	1
108	109	1
109	110	1
110	70	1
73	95	1
95	94	1
111	111	1
111	112	1
112	113	1
113	83	1
84	114	1
114	115	1
115	116	1
116	117	1
117	118	1
118	119	1
119	14	1
14	120	1
120	107	1
107	121	1
121	32	1
34	122	1
122	40	1
47	123	1
123	124	1
124	125	1
125	126	1
126	127	1
127	128	1
128	129	1
129	130	1
130	131	1
131	132	1
133	134	1
134	135	1
135	136	1
136	9	1
35	103	1
103	103	1
38	137	1
137	138	1
138	139	1
139	140	1
140	141	1
141	142	1
142	143	1
143	144	1
144	145	1
145	146	1
146	147	1
148	149	1
149	150	1
150	151	1
151	152	1
152	153	1
153	154	1
154	155	1
155	156	1
156	157	1
157	158	1
158	136	1
31	106	1
106	105	1
105	65	1
65	64	1
64	63	1
63	62	1
62	159	1
159	160	1
160	161	1
161	162	1
162	163	1
163	164	1
164	165	1
165	166	1
166	167	1
167	168	1
168	169	1
169	170	1
171	172	1
172	173	1
173	174	1
174	175	1
175	159	1
159	62	1
62	104	1
104	39	1
39	41	1
130	176	1
176	132	1
177	178	1
178	179	1
179	180	1
180	181	1
181	182	1
182	183	1
183	184	1
184	185	1
185	186	1
186	187	1
187	188	1
188	189	1
189	190	1
190	31	1
36	103	1
103	102	1
102	101	1
101	100	1
100	191	1
191	192	1
192	193	1
193	194	1
194	195	1
195	196	1
196	197	1
197	198	1
198	199	1
199	200	1
200	201	1
201	202	1
202	203	1
203	204	1
204	204	1
204	205	1
205	206	1
206	207	1
207	208	1
208	209	1
209	210	1
210	211	1
211	212	1
204	203	1
203	202	1
202	213	1
213	214	1
214	215	1
215	216	1
216	217	1
217	93	1
93	92	1
92	75	1
76	22	1
22	21	1
21	21	1
21	218	1
218	219	1
219	220	1
220	221	1
221	222	1
222	223	1
223	224	1
224	225	1
225	226	1
226	227	1
227	228	1
228	229	1
229	230	1
230	231	1
200	199	1
199	196	1
198	232	1
232	233	1
233	234	1
234	141	1
141	140	1
140	139	1
139	138	1
138	137	1
137	38	1
38	103	1
103	36	1
36	66	1
69	110	1
110	235	1
235	236	1
236	237	1
237	238	1
238	239	1
239	240	1
240	21	1
21	91	1
91	90	1
90	89	1
89	88	1
88	87	1
87	86	1
86	85	1
85	84	1
84	83	1
83	113	1
186	241	1
241	8	1
218	242	1
242	243	1
243	244	1
244	245	1
245	246	1
246	247	1
247	248	1
248	228	1
120	108	1
93	217	1
217	216	1
216	215	1
215	215	1
215	214	1
214	213	1
213	202	1
21	240	1
240	239	1
239	238	1
238	237	1
237	236	1
236	235	1
235	110	1
110	69	1
69	68	1
68	67	1
67	66	1
66	103	1
40	40	1
170	169	1
169	168	1
168	167	1
167	166	1
166	165	1
165	164	1
164	163	1
163	162	1
162	161	1
161	249	1
249	159	1
104	40	1
40	103	1
103	101	1
191	193	1
161	160	1
160	159	1
104	122	1
122	250	1
250	66	1
94	93	1
93	93	1
215	251	1
251	252	1
252	253	1
253	254	1
254	255	1
255	256	1
256	257	1
257	258	1
258	259	1
259	260	1
21	20	1
20	19	1
19	261	1
261	18	1
18	262	1
262	117	1
14	263	1
263	108	1
66	36	1
101	264	1
264	265	1
265	266	1
266	234	1
234	233	1
233	232	1
232	196	1
41	138	1
141	234	1
201	213	1
109	235	1
244	246	1
248	227	1
28	27	1
27	26	1
26	25	1
25	24	1
24	23	1
23	76	1
95	267	1
267	268	1
268	269	1
269	270	1
270	271	1
271	101	1
266	142	1
142	272	1
272	273	1
273	274	1
274	275	1
275	276	1
276	277	1
277	278	1
31	30	1
30	10	1
12	14	1
18	261	1
261	262	1
278	277	1
277	276	1
276	275	1
276	273	1
273	272	1
272	142	1
142	141	1
235	279	1
279	15	1
221	280	1
40	38	1
100	99	1
99	98	1
98	97	1
97	96	1
96	95	1
256	255	1
255	253	1
254	252	1
252	251	1
251	215	1

Demands
1	2	905
2	3	494
3	4	802
4	5	56
5	6	402
6	7	770
7	8	409
8	9	731
9	10	335
10	11	97
11	12	753
12	13	91
13	14	622
14	15	175
15	16	325
16	17	471
17	18	899
18	19	136
19	20	438
20	21	586
21	22	517
22	23	952
23	24	174
24	25	842
25	26	711
26	27	63
27	28	108
8	29	34
29	9	907
9	30	651
30	31	366
31	32	577
32	33	428
33	34	319
34	34	117
34	35	733
35	36	584
36	37	631
37	38	709
38	39	499
39	40	210
40	41	818
41	42	540
42	43	780
43	44	622
44	45	22
45	46	384
46	47	953
48	49	192
49	50	596
50	51	348
51	52	192
52	53	312
53	54	583
54	55	836
55	56	321
56	57	359
57	58	433
58	59	509
59	60	980
60	61	587
61	62	733
62	63	361
63	64	165
64	65	329
65	34	702
35	66	731
66	67	86
67	68	452
68	69	722
69	70	821
70	71	332
71	72	844
72	73	822
73	74	99
74	75	281
75	75	8
75	76	784
76	23	468
77	78	292
78	79	707
79	80	806
80	81	464
81	82	206
82	83	321
83	84	232
84	85	998
85	86	424
86	87	338
87	88	808
88	89	690
89	90	367
90	91	411
91	21	427
22	76	194
76	75	243
75	92	20
92	93	884
93	94	568
94	95	487
95	96	514
96	97	63
97	98	86
98	99	110
99	100	412
100	101	429
101	102	163
102	103	15
103	38	991
38	40	791
40	104	452
104	62	555
62	61	597
61	60	108
60	59	830
59	58	273
58	57	350
57	56	502
56	55	313
55	53	866
54	52	778
52	51	470
51	50	157
50	49	737
49	48	152
57	57	483
65	105	416
105	106	608
106	31	728
31	107	602
107	108	876
108	109	324
109	110	201
110	70	545
73	95	441
95	94	312
111	111	459
111	112	743
112	113	108
113	83	668
84	114	130
114	115	562
115	116	171
116	117	750
117	118	360
118	119	217
119	14	310
14	120	347
120	107	741
107	121	262
121	32	491
34	122	812
122	40	220
47	123	530
123	124	21
124	125	721
125	126	751
126	127	511
127	128	119
128	129	327
129	130	6
130	131	439
131	132	334
133	134	644
134	135	206
135	136	445
136	9	646
35	103	885
103	103	675
38	137	0
137	138	704
138	139	976
139	140	749
140	141	654
141	142	774
142	143	144
143	144	137
144	145	724
145	146	370
146	147	409
148	149	147
149	150	578
150	151	328
151	152	101
152	153	547
153	154	977
154	155	94
155	156	530
156	157	335
157	158	484
158	136	73
31	106	757
106	105	74
105	65	704
65	64	432
64	63	433
63	62	151
62	159	762
159	160	970
160	161	468
161	162	417
162	163	793
163	164	339
164	165	407
165	166	696
166	167	260
167	168	698
168	169	850
169	170	768
171	172	722
172	173	535
173	174	973
174	175	647
175	159	702
159	62	844
62	104	968
104	39	679
39	41	214
130	176	378
176	132	392
177	178	979
178	179	623
179	180	835
180	181	480
181	182	804
182	183	179
183	184	875
184	185	923
185	186	873
186	187	379
187	188	779
188	189	742
189	190	167
190	31	834
36	103	288
103	102	634
102	101	80
101	100	91
100	191	978
191	192	909
192	193	983
193	194	236
194	195	586
195	196	559
196	197	130
197	198	630
198	199	752
199	200	340
200	201	462
201	202	726
202	203	103
203	204	820
204	204	161
204	205	837
205	206	752
206	207	948
207	208	119
208	209	401
209	210	251
210	211	170
211	212	67
204	203	471
203	202	122
202	213	821
213	214	309
214	215	997
215	216	736
216	217	837
217	93	736
93	92	956
92	75	153
76	22	655
22	21	906
21	21	394
21	218	343
218	219	57
219	220	138
220	221	722
221	222	739
222	223	536
223	224	976
224	225	880
225	226	103
226	227	491
227	228	701
228	229	938
229	230	455
230	231	448
200	199	790
199	196	619
198	232	957
232	233	371
233	234	95
234	141	469
141	140	818
140	139	994
139	138	947
138	137	694
137	38	127
38	103	376
103	36	617
36	66	218
69	110	312
110	235	758
235	236	153
236	237	285
237	238	585
238	239	352
239	240	986
240	21	169
21	91	542
91	90	766
90	89	863
89	88	659
88	87	281
87	86	213
86	85	382
85	84	567
84	83	874
83	113	712
186	241	741
241	8	540
218	242	567
242	243	186
243	244	635
244	245	756
245	246	429
246	247	480
247	248	136
248	228	261
120	108	932
93	217	989
217	216	292
216	215	412
215	215	405
215	214	416
214	213	790
213	202	841
21	240	872
240	239	617
239	238	693
238	237	853
237	236	65
236	235	730
235	110	127
110	69	898
69	68	714
68	67	491
67	66	7
66	103	367
40	40	15
170	169	900
169	168	8
168	167	929
167	166	350
166	165	748
165	164	806
164	163	892
163	162	501
162	161	289
161	249	689
249	159	823
104	40	749
40	103	574
103	101	906
191	193	577
161	160	811
160	159	931
104	122	823
122	250	258
250	66	925
94	93	75
93	93	41
215	251	693
251	252	874
252	253	779
253	254	234
254	255	9
255	256	489
256	257	641
257	258	680
258	259	77
259	260	239
21	20	686
20	19	487
19	261	660
261	18	950
18	262	44
262	117	579
14	263	868
263	108	219
66	36	565
101	264	186
264	265	841
265	266	522
266	234	839
234	233	838
233	232	131
232	196	335
41	138	120
141	234	661
201	213	144
109	235	810
244	246	706
248	227	155
28	27	406
27	26	421
26	25	547
25	24	345
24	23	451
23	76	336
95	267	246
267	268	595
268	269	220
269	270	428
270	271	307
271	101	882
266	142	55
142	272	940
272	273	613
273	274	609
274	275	39
275	276	262
276	277	485
277	278	643
31	30	354
30	10	210
12	14	816
18	261	217
261	262	768
278	277	488
277	276	681
276	275	672
276	273	511
273	272	309
272	142	564
142	141	255
235	279	243
279	15	948
221	280	263
40	38	52
100	99	504
99	98	111
98	97	992
97	96	245
96	95	397
256	255	640
255	253	61
254	252	836
252	251	918
251	215	879